%YAML:1.0
---
CameraMat: !!opencv-matrix
   rows: 3
   cols: 3
   dt: d
   data: [ 2.4818480434445055e+03, 0., 8.6582666108041667e+02, 0.,
       2.0067972011730976e+03, 6.7647122567546967e+02, 0., 0., 1. ]
DistCoeff: !!opencv-matrix
   rows: 1
   cols: 5
   dt: d
   data: [ -5.4211337941909810e-01, 2.3156262247957049e-01,
       9.8843381717580066e-03, 2.4863003473806117e-02,
       1.4559257594033299e+00 ]
ImageSize: [ 1920, 1080 ]
CameraExtrinsicMat: !!opencv-matrix
   rows: 4
   cols: 4
   dt: d
   data: [ -1.1253927874533565e-01, -9.7959951222695996e-01, 1.6649236133883782e-01, 1.3490402402365802e+00,
       -1.2920108073891556e-01, -1.5170804023555751e-01, -9.7994476949661968e-01, -2.3870673832544825e-01,
       9.8521164806115458e-01, -1.3179327058916540e-01, -1.0949220224306000e-01, 6.5199882603717707e-01, 
       0., 0., 0., 1. ]
Pose: [ 5.0902978301338073e-04, -6.1939914048780222e-02,
    4.4749064695750192e-02, 1.5834395057033490e+00,
    5.9043390911951765e-02, 1.5379021184281692e+00 ]
